1	8	61	4	12	
2	59	53	
3	45	15	
4	12	67	1	13	
5	11	
6	33	
7	12	
8	52	1	55	29	46	66	30	
9	44	46	
10	20	14	29	
11	64	5	61	19	47	60	
12	7	4	49	55	1	
13	58	69	16	4	
14	35	17	10	
15	55	51	16	3	
16	55	25	52	15	23	13	
17	27	14	
18	20	40	32	
19	11	35	
20	18	10	27	48	
21	40	51	
22	49	61	38	42	
23	43	16	
24	31	
25	16	
26	65	35	41	
27	20	17	44	
28	57	37	
29	65	10	8	36	
30	8	
31	24	52	38	
32	62	37	51	18	
33	6	38	52	63	
34	68	54	
35	26	14	19	
36	43	52	29	
37	42	32	28	55	
38	22	33	31	
39	56	50	
40	42	67	21	18	
41	26	58	
42	37	40	22	
43	48	36	64	23	53	
44	9	65	50	27	
45	3	
46	8	9	51	
47	51	11	
48	43	20	
49	22	56	70	12	
50	44	39	
51	32	47	15	21	46	
52	8	36	31	16	33	
53	56	2	43	
54	34	
55	67	15	16	8	37	69	12	
56	49	39	53	
57	28	
58	13	41	62	
59	2	
60	11	
61	11	22	1	
62	32	58	
63	68	33	
64	11	43	69	
65	26	44	29	
66	8	
67	55	4	40	
68	34	63	
69	13	55	64	
70	49	
