1	21	
2	20	64	
3	33	
4	10	18	
5	7	26	21	
6	61	54	37	45	
7	5	
8	36	21	49	
9	45	35	
10	4	23	12	
11	54	64	17	
12	10	
13	55	46	47	
14	49	
15	24	27	61	60	
16	35	
17	42	11	
18	41	4	44	
19	22	47	27	64	
20	2	60	
21	55	65	48	5	8	1	59	58	
22	19	
23	10	47	26	
24	42	15	50	
25	53	
26	5	60	49	23	51	
27	19	51	15	
28	53	
29	59	
30	40	38	45	
31	57	43	
32	43	
33	3	
34	41	48	
35	50	16	9	
36	42	8	37	
37	6	36	
38	30	41	52	55	40	
39	48	
40	30	38	
41	43	38	34	18	
42	36	24	61	17	
43	41	31	32	
44	18	
45	9	62	65	30	6	
46	13	
47	19	60	23	13	
48	21	39	63	34	
49	26	8	14	
50	35	24	
51	27	26	
52	38	62	
53	28	25	
54	11	6	
55	21	13	38	
56	60	
57	64	31	
58	21	
59	21	29	
60	47	26	15	20	56	
61	6	65	42	15	
62	45	52	
63	48	
64	57	19	11	2	
65	21	61	45	
