1	5	75	44	
2	33	53	8	
3	46	74	67	
4	65	62	
5	1	55	
6	52	
7	12	48	27	
8	22	15	2	59	
9	21	59	14	48	
10	38	47	
11	31	67	25	
12	7	17	75	69	
13	24	
14	72	9	
15	8	29	
16	18	35	71	34	23	
17	46	12	
18	16	68	
19	59	74	20	
20	48	31	32	55	39	19	
21	9	74	58	66	
22	8	53	39	73	
23	71	57	16	
24	30	13	
25	75	38	11	
26	75	41	27	
27	7	26	
28	74	42	
29	45	15	
30	24	64	46	
31	11	46	20	
32	20	51	70	
33	52	54	49	2	46	43	
34	16	
35	44	16	39	37	
36	62	
37	39	35	
38	10	58	25	56	
39	37	20	22	46	45	35	
40	65	
41	26	
42	63	70	28	
43	33	
44	35	1	
45	29	39	
46	17	3	31	53	39	33	30	
47	10	75	
48	20	9	7	
49	33	71	
50	70	
51	32	57	58	
52	33	6	
53	22	2	46	73	
54	33	65	
55	20	5	
56	60	38	
57	68	51	23	
58	21	74	38	63	51	
59	9	19	75	8	61	
60	56	
61	70	59	
62	4	36	
63	42	58	
64	30	
65	4	54	40	
66	21	
67	11	3	
68	57	18	
69	12	
70	61	42	72	32	50	
71	23	49	16	
72	14	70	
73	22	53	
74	21	19	58	28	3	
75	26	1	59	12	25	47	
